0.7853981633974483 0.6154797086703873
0.7853981633974483 -0.6154797086703873
5.497787143782138 0.6154797086703873
5.497787143782138 -0.6154797086703873
2.356194490192345 0.6154797086703873
2.356194490192345 -0.6154797086703873
3.9269908169872414 0.6154797086703873
3.9269908169872414 -0.6154797086703873
1.5707963267948966 0.3648638281134831
1.5707963267948966 -0.3648638281134831
6.283185307179586 0.3648638281134831
6.283185307179586 -0.3648638281134831
0.0 1.2059324986814135
0.0 -1.2059324986814135
3.141592653589793 1.2059324986814135
3.141592653589793 -1.2059324986814135
0.3648638281134831 0.0
5.918321479066103 0.0
2.77672882547631 0.0
3.5064564817032764 0.0